12
kiwi_fruit   0.0000000 0.0953251 0.0908417 0.0862868 0.0757533 0.0740235 0.0865673 0.0631389 0.0760752 0.0735896 0.1328047 0.1088380 
agave        0.0953251 0.0000000 0.0491993 0.1352001 0.1210897 0.1109948 0.1347036 0.0992641 0.1159364 0.1178855 0.1242265 0.1080034 
garlic       0.0908417 0.0491993 0.0000000 0.1172795 0.1098970 0.0948264 0.1224266 0.0912139 0.1075623 0.1093423 0.1158050 0.1085514 
cabbage      0.0862868 0.1352001 0.1172795 0.0000000 0.0949979 0.0844722 0.1061457 0.0950161 0.1023865 0.0989282 0.1525575 0.1245895 
cucumber     0.0757533 0.1210897 0.1098970 0.0949979 0.0000000 0.0805543 0.0871767 0.0583134 0.0975743 0.0932142 0.1417524 0.1166927 
cotton       0.0740235 0.1109948 0.0948264 0.0844722 0.0805543 0.0000000 0.1002046 0.0739266 0.0946228 0.0894305 0.1535067 0.1084588 
sunflower    0.0865673 0.1347036 0.1224266 0.1061457 0.0871767 0.1002046 0.0000000 0.0906316 0.0928708 0.0877283 0.1630423 0.1314088 
walnut       0.0631389 0.0992641 0.0912139 0.0950161 0.0583134 0.0739266 0.0906316 0.0000000 0.0824776 0.0798870 0.1376479 0.1021884 
tomato       0.0760752 0.1159364 0.1075623 0.1023865 0.0975743 0.0946228 0.0928708 0.0824776 0.0000000 0.0130850 0.1395025 0.1168452 
tobacco      0.0735896 0.1178855 0.1093423 0.0989282 0.0932142 0.0894305 0.0877283 0.0798870 0.0130850 0.0000000 0.1386433 0.1123841 
rice         0.1328047 0.1242265 0.1158050 0.1525575 0.1417524 0.1535067 0.1630423 0.1376479 0.1395025 0.1386433 0.0000000 0.1377460 
black_pepper 0.1088380 0.1080034 0.1085514 0.1245895 0.1166927 0.1084588 0.1314088 0.1021884 0.1168452 0.1123841 0.1377460 0.0000000 
