12
kiwi_fruit   0.0000000 0.0940756 0.0897677 0.0854845 0.0753033 0.0736198 0.0854845 0.0627679 0.0753033 0.0727795 0.1312733 0.1080293 
agave        0.0940756 0.0000000 0.0488105 0.1330915 0.1195614 0.1097919 0.1321819 0.0984084 0.1142164 0.1159935 0.1231456 0.1071496 
garlic       0.0897677 0.0488105 0.0000000 0.1159935 0.1089101 0.0940756 0.1204558 0.0906273 0.1062709 0.1080293 0.1151044 0.1080293 
cabbage      0.0854845 0.1330915 0.1159935 0.0000000 0.0940756 0.0837780 0.1045165 0.0940756 0.1010201 0.0975398 0.1505876 0.1231456 
cucumber     0.0753033 0.1195614 0.1089101 0.0940756 0.0000000 0.0803766 0.0863392 0.0578121 0.0966723 0.0923495 0.1404086 0.1159935 
cotton       0.0736198 0.1097919 0.0940756 0.0837780 0.0803766 0.0000000 0.0992779 0.0736198 0.0940756 0.0889091 0.1524532 0.1080293 
sunflower    0.0854845 0.1321819 0.1204558 0.1045165 0.0863392 0.0992779 0.0000000 0.0897677 0.0914879 0.0863392 0.1609068 0.1303659 
walnut       0.0627679 0.0984084 0.0906273 0.0940756 0.0578121 0.0736198 0.0897677 0.0000000 0.0820754 0.0795287 0.1367412 0.1018927 
tomato       0.0753033 0.1142164 0.1062709 0.1010201 0.0966723 0.0940756 0.0914879 0.0820754 0.0000000 0.0130705 0.1376564 0.1159935 
tobacco      0.0727795 0.1159935 0.1080293 0.0975398 0.0923495 0.0889091 0.0863392 0.0795287 0.0130705 0.0000000 0.1367412 0.1115586 
rice         0.1312733 0.1231456 0.1151044 0.1505876 0.1404086 0.1524532 0.1609068 0.1367412 0.1376564 0.1367412 0.0000000 0.1367412 
black_pepper 0.1080293 0.1071496 0.1080293 0.1231456 0.1159935 0.1080293 0.1303659 0.1018927 0.1159935 0.1115586 0.1367412 0.0000000 
