12
kiwi_fruit   0.0000000 0.0951115 0.0906289 0.0862272 0.0755799 0.0739442 0.0863992 0.0630185 0.0759527 0.0734690 0.1326279 0.1088379 
agave        0.0951115 0.0000000 0.0490774 0.1349919 0.1206871 0.1108109 0.1342268 0.0989820 0.1156171 0.1175677 0.1239215 0.1079652 
garlic       0.0906289 0.0490774 0.0000000 0.1170857 0.1095444 0.0946829 0.1220136 0.0909847 0.1072565 0.1090593 0.1154936 0.1085075 
cabbage      0.0862272 0.1349919 0.1170857 0.0000000 0.0948729 0.0844841 0.1060499 0.0949205 0.1022915 0.0988652 0.1524343 0.1247552 
cucumber     0.0755799 0.1206871 0.1095444 0.0948729 0.0000000 0.0804151 0.0869922 0.0581960 0.0973089 0.0929686 0.1413727 0.1166078 
cotton       0.0739442 0.1108109 0.0946829 0.0844841 0.0804151 0.0000000 0.1000957 0.0738356 0.0944937 0.0893262 0.1533039 0.1085624 
sunflower    0.0863992 0.1342268 0.1220136 0.1060499 0.0869922 0.1000957 0.0000000 0.0904479 0.0926682 0.0875587 0.1626333 0.1313871 
walnut       0.0630185 0.0989820 0.0909847 0.0949205 0.0581960 0.0738356 0.0904479 0.0000000 0.0823373 0.0797724 0.1373969 0.1021778 
tomato       0.0759527 0.1156171 0.1072565 0.1022915 0.0973089 0.0944937 0.0926682 0.0823373 0.0000000 0.0130771 0.1392388 0.1168463 
tobacco      0.0734690 0.1175677 0.1090593 0.0988652 0.0929686 0.0893262 0.0875587 0.0797724 0.0130771 0.0000000 0.1384038 0.1123935 
rice         0.1326279 0.1239215 0.1154936 0.1524343 0.1413727 0.1533039 0.1626333 0.1373969 0.1392388 0.1384038 0.0000000 0.1378266 
black_pepper 0.1088379 0.1079652 0.1085075 0.1247552 0.1166078 0.1085624 0.1313871 0.1021778 0.1168463 0.1123935 0.1378266 0.0000000 
