12
kiwi_fruit   0.0000000 0.1230472 0.1159818 0.1081938 0.0890482 0.0879780 0.1078828 0.0722913 0.0928352 0.0892632 0.1882781 0.1424047 
agave        0.1230472 0.0000000 0.0556277 0.1978497 0.1626861 0.1484569 0.1926751 0.1247442 0.1585390 0.1635507 0.1667717 0.1411194 
garlic       0.1159818 0.0556277 0.0000000 0.1594801 0.1425053 0.1210657 0.1691507 0.1124916 0.1423344 0.1459838 0.1500792 0.1403200 
cabbage      0.1081938 0.1978497 0.1594801 0.0000000 0.1206350 0.1055874 0.1438121 0.1212229 0.1375957 0.1326746 0.2299215 0.1788029 
cucumber     0.0890482 0.1626861 0.1425053 0.1206350 0.0000000 0.0942181 0.1077885 0.0672153 0.1230861 0.1158452 0.1971918 0.1527858 
cotton       0.0879780 0.1484569 0.1210657 0.1055874 0.0942181 0.0000000 0.1284849 0.0867598 0.1184443 0.1106122 0.2189791 0.1410696 
sunflower    0.1078828 0.1926751 0.1691507 0.1438121 0.1077885 0.1284849 0.0000000 0.1126178 0.1194448 0.1119268 0.2421735 0.1809432 
walnut       0.0722913 0.1247442 0.1124916 0.1212229 0.0672153 0.0867598 0.1126178 0.0000000 0.0994405 0.0957336 0.1896045 0.1286042 
tomato       0.0928352 0.1585390 0.1423344 0.1375957 0.1230861 0.1184443 0.1194448 0.0994405 0.0000000 0.0134800 0.2021098 0.1564431 
tobacco      0.0892632 0.1635507 0.1459838 0.1326746 0.1158452 0.1106122 0.1119268 0.0957336 0.0134800 0.0000000 0.2013466 0.1482412 
rice         0.1882781 0.1667717 0.1500792 0.2299215 0.1971918 0.2189791 0.2421735 0.1896045 0.2021098 0.2013466 0.0000000 0.1959710 
black_pepper 0.1424047 0.1411194 0.1403200 0.1788029 0.1527858 0.1410696 0.1809432 0.1286042 0.1564431 0.1482412 0.1959710 0.0000000 
