12
kiwi_fruit   0.0000000 0.0955369 0.0911698 0.0864888 0.0757248 0.0741182 0.0865759 0.0630529 0.0762350 0.0736631 0.1334695 0.1090128 
agave        0.0955369 0.0000000 0.0492599 0.1359355 0.1214013 0.1114498 0.1349298 0.0994149 0.1163168 0.1183209 0.1246592 0.1082785 
garlic       0.0911698 0.0492599 0.0000000 0.1178048 0.1103533 0.0952829 0.1227557 0.0914682 0.1080149 0.1097952 0.1162178 0.1089389 
cabbage      0.0864888 0.1359355 0.1178048 0.0000000 0.0952290 0.0846995 0.1063165 0.0951733 0.1028475 0.0993494 0.1533573 0.1252896 
cucumber     0.0757248 0.1214013 0.1103533 0.0952290 0.0000000 0.0806113 0.0872197 0.0583067 0.0977412 0.0932402 0.1421079 0.1168864 
cotton       0.0741182 0.1114498 0.0952829 0.0846995 0.0806113 0.0000000 0.1003534 0.0739750 0.0949051 0.0896202 0.1542732 0.1088245 
sunflower    0.0865759 0.1349298 0.1227557 0.1063165 0.0872197 0.1003534 0.0000000 0.0906315 0.0929851 0.0877468 0.1633827 0.1317042 
walnut       0.0630529 0.0994149 0.0914682 0.0951733 0.0583067 0.0739750 0.0906315 0.0000000 0.0825537 0.0799362 0.1382591 0.1023977 
tomato       0.0762350 0.1163168 0.1080149 0.1028475 0.0977412 0.0949051 0.0929851 0.0825537 0.0000000 0.0130970 0.1401669 0.1172073 
tobacco      0.0736631 0.1183209 0.1097952 0.0993494 0.0932402 0.0896202 0.0877468 0.0799362 0.0130970 0.0000000 0.1392742 0.1125729 
rice         0.1334695 0.1246592 0.1162178 0.1533573 0.1421079 0.1542732 0.1633827 0.1382591 0.1401669 0.1392742 0.0000000 0.1385101 
black_pepper 0.1090128 0.1082785 0.1089389 0.1252896 0.1168864 0.1088245 0.1317042 0.1023977 0.1172073 0.1125729 0.1385101 0.0000000 
