12
kiwi_fruit   0.0000000 0.1141352 0.1077789 0.1015957 0.0874144 0.0851359 0.1015957 0.0708714 0.0874144 0.0840054 0.1757431 0.1357454 
agave        0.1141352 0.0000000 0.0535171 0.1791133 0.1549078 0.1385939 0.1774224 0.1206735 0.1458701 0.1488446 0.1611291 0.1343341 
garlic       0.1077789 0.0535171 0.0000000 0.1488446 0.1371653 0.1141352 0.1564481 0.1090360 0.1329313 0.1357454 0.1473526 0.1357454 
cabbage      0.1015957 0.1791133 0.1488446 0.0000000 0.1141352 0.0991690 0.1301507 0.1141352 0.1246876 0.1193508 0.2136348 0.1611291 
cucumber     0.0874144 0.1549078 0.1371653 0.1141352 0.0000000 0.0943929 0.1028189 0.0645874 0.1180357 0.1115714 0.1930742 0.1488446 
cotton       0.0851359 0.1385939 0.1141352 0.0991690 0.0943929 0.0000000 0.1220038 0.0851359 0.1141352 0.1065287 0.2175582 0.1357454 
sunflower    0.1015957 0.1774224 0.1564481 0.1301507 0.1028189 0.1220038 0.0000000 0.1077789 0.1103002 0.1028189 0.2359843 0.1740753 
walnut       0.0708714 0.1206735 0.1090360 0.1141352 0.0645874 0.0851359 0.1077789 0.0000000 0.0967683 0.0932146 0.1859954 0.1260414 
tomato       0.0874144 0.1458701 0.1329313 0.1246876 0.1180357 0.1141352 0.1103002 0.0967683 0.0000000 0.0133767 0.1877463 0.1488446 
tobacco      0.0840054 0.1488446 0.1357454 0.1193508 0.1115714 0.1065287 0.1028189 0.0932146 0.0133767 0.0000000 0.1859954 0.1414774 
rice         0.1757431 0.1611291 0.1473526 0.2136348 0.1930742 0.2175582 0.2359843 0.1859954 0.1877463 0.1859954 0.0000000 0.1859954 
black_pepper 0.1357454 0.1343341 0.1357454 0.1611291 0.1488446 0.1357454 0.1740753 0.1260414 0.1488446 0.1414774 0.1859954 0.0000000 
