12
kiwi_fruit   0.0000000 0.1219575 0.1141411 0.1070062 0.0894227 0.0874704 0.1083632 0.0726711 0.0920357 0.0888762 0.1846480 0.1412562 
agave        0.1219575 0.0000000 0.0552526 0.1939255 0.1626687 0.1459376 0.1940377 0.1245625 0.1567003 0.1613664 0.1651173 0.1399505 
garlic       0.1141411 0.0552526 0.0000000 0.1565374 0.1410841 0.1184091 0.1685657 0.1114361 0.1401110 0.1432661 0.1486268 0.1383679 
cabbage      0.1070062 0.1939255 0.1565374 0.0000000 0.1199545 0.1042901 0.1425109 0.1203486 0.1345836 0.1297384 0.2246362 0.1736146 
cucumber     0.0894227 0.1626687 0.1410841 0.1199545 0.0000000 0.0947260 0.1075349 0.0671589 0.1224896 0.1159699 0.1962103 0.1520495 
cotton       0.0874704 0.1459376 0.1184091 0.1042901 0.0947260 0.0000000 0.1279084 0.0867397 0.1169115 0.1094174 0.2162962 0.1388392 
sunflower    0.1083632 0.1940377 0.1685657 0.1425109 0.1075349 0.1279084 0.0000000 0.1126908 0.1193444 0.1121029 0.2423437 0.1795839 
walnut       0.0726711 0.1245625 0.1114361 0.1203486 0.0671589 0.0867397 0.1126908 0.0000000 0.0986237 0.0949709 0.1866638 0.1274368 
tomato       0.0920357 0.1567003 0.1401110 0.1345836 0.1224896 0.1169115 0.1193444 0.0986237 0.0000000 0.0134318 0.1982491 0.1542533 
tobacco      0.0888762 0.1613664 0.1432661 0.1297384 0.1159699 0.1094174 0.1121029 0.0949709 0.0134318 0.0000000 0.1975620 0.1470304 
rice         0.1846480 0.1651173 0.1486268 0.2246362 0.1962103 0.2162962 0.2423437 0.1866638 0.1982491 0.1975620 0.0000000 0.1911524 
black_pepper 0.1412562 0.1399505 0.1383679 0.1736146 0.1520495 0.1388392 0.1795839 0.1274368 0.1542533 0.1470304 0.1911524 0.0000000 
