Supplemental results for CODEML (seqf: mc.txt  treef: tree.nwk)
	1

MLEs of dN/dS (w) for site classes (K=4)

site class             0        1       2a       2b
proportion       0.55393  0.44607  0.00000  0.00000
background w     0.39393  1.00000  0.39393  1.00000
foreground w     0.39393  1.00000  1.00000  1.00000

Naive Empirical Bayes (NEB) probabilities for 4 classes
(amino acids refer to 1st sequence: a)

   1 Q   0.67450 0.32550 0.00000 0.00000 ( 1)
   2 G   0.69923 0.30077 0.00000 0.00000 ( 1)
   3 H   0.15030 0.84970 0.00000 0.00000 ( 2)
   4 C   0.63330 0.36670 0.00000 0.00000 ( 1)
   5 L   0.85602 0.14398 0.00000 0.00000 ( 1)
   6 G   0.58756 0.41244 0.00000 0.00000 ( 1)
   7 G   0.96892 0.03108 0.00000 0.00000 ( 1)
   8 A   0.48965 0.51035 0.00000 0.00000 ( 2)
   9 C   0.84666 0.15334 0.00000 0.00000 ( 1)
  10 S   0.64047 0.35953 0.00000 0.00000 ( 1)
  11 S   0.43087 0.56913 0.00000 0.00000 ( 2)
  12 A   0.91780 0.08220 0.00000 0.00000 ( 1)
  13 N   0.96410 0.03590 0.00000 0.00000 ( 1)
  14 T   0.16230 0.83770 0.00000 0.00000 ( 2)
  15 G   0.00794 0.99206 0.00000 0.00000 ( 2)
  16 G   0.92126 0.07874 0.00000 0.00000 ( 1)
  17 R   0.97230 0.02770 0.00000 0.00000 ( 1)
  18 Y   0.09216 0.90784 0.00000 0.00000 ( 2)
  19 Q   0.56076 0.43924 0.00000 0.00000 ( 1)
  20 N   0.46014 0.53986 0.00000 0.00000 ( 2)
  21 L   0.88898 0.11102 0.00000 0.00000 ( 1)
  22 P   0.96906 0.03094 0.00000 0.00000 ( 1)
  23 A   0.31180 0.68820 0.00000 0.00000 ( 2)
  24 A   0.25460 0.74540 0.00000 0.00000 ( 2)
  25 H   0.81837 0.18163 0.00000 0.00000 ( 1)
  26 V   0.75963 0.24037 0.00000 0.00000 ( 1)
  27 V   0.12206 0.87794 0.00000 0.00000 ( 2)
  28 M   0.34601 0.65399 0.00000 0.00000 ( 2)
  29 K   0.28989 0.71011 0.00000 0.00000 ( 2)
  30 P   0.91825 0.08175 0.00000 0.00000 ( 1)
  31 R   0.93386 0.06614 0.00000 0.00000 ( 1)
  32 G   0.80648 0.19352 0.00000 0.00000 ( 1)
  33 I   0.06573 0.93427 0.00000 0.00000 ( 2)
  34 L   0.57375 0.42625 0.00000 0.00000 ( 1)
  35 A   0.33800 0.66200 0.00000 0.00000 ( 2)
  36 G   0.19705 0.80295 0.00000 0.00000 ( 2)
  37 W   0.03474 0.96526 0.00000 0.00000 ( 2)
  38 I   0.44324 0.55676 0.00000 0.00000 ( 2)
  39 R   0.02264 0.97736 0.00000 0.00000 ( 2)
  40 S   0.91653 0.08347 0.00000 0.00000 ( 1)
  41 N   0.75880 0.24120 0.00000 0.00000 ( 1)
  42 D   0.34982 0.65018 0.00000 0.00000 ( 2)
  43 T   0.91548 0.08452 0.00000 0.00000 ( 1)
  44 F   0.57418 0.42582 0.00000 0.00000 ( 1)
  45 L   0.31366 0.68634 0.00000 0.00000 ( 2)
  46 I   0.01365 0.98635 0.00000 0.00000 ( 2)
  47 Y   0.83051 0.16949 0.00000 0.00000 ( 1)
  48 S   0.43050 0.56950 0.00000 0.00000 ( 2)
  49 R   0.58236 0.41764 0.00000 0.00000 ( 1)
  50 E   0.88073 0.11927 0.00000 0.00000 ( 1)


lnL = -1117.046125

	2

MLEs of dN/dS (w) for site classes (K=4)

site class             0        1       2a       2b
proportion       0.42069  0.21440  0.24171  0.12319
background w     0.41799  1.00000  0.41799  1.00000
foreground w     0.41799  1.00000  1.00000  1.00000

Naive Empirical Bayes (NEB) probabilities for 4 classes
(amino acids refer to 1st sequence: a)

   1 A   0.39138 0.19207 0.30620 0.11036 ( 1)
   2 Y   0.44690 0.22028 0.20626 0.12656 ( 1)
   3 P   0.57299 0.10279 0.26516 0.05906 ( 1)
   4 I   0.08983 0.51380 0.10116 0.29521 ( 2)
   5 F   0.54919 0.12992 0.24625 0.07465 ( 1)
   6 G   0.65701 0.02066 0.31046 0.01187 ( 1)
   7 E   0.38200 0.28002 0.17709 0.16089 ( 1)
   8 R   0.54580 0.13710 0.23833 0.07877 ( 1)
   9 K   0.57613 0.10075 0.26524 0.05788 ( 1)
  10 V   0.25358 0.28851 0.29215 0.16577 ( 3)
  11 A   0.11694 0.52051 0.06348 0.29906 ( 2)
  12 Q   0.64040 0.04073 0.29547 0.02340 ( 1)
  13 L   0.60893 0.06053 0.29576 0.03478 ( 1)
  14 V   0.64904 0.03306 0.29890 0.01900 ( 1)
  15 P   0.23393 0.40122 0.13433 0.23052 ( 2)
  16 P   0.29193 0.36395 0.13502 0.20911 ( 2)
  17 A   0.56507 0.10057 0.27658 0.05778 ( 1)
  18 I   0.31392 0.14833 0.45252 0.08523 ( 3)
  19 V   0.06152 0.50360 0.14553 0.28935 ( 2)
  20 T   0.38931 0.27403 0.17921 0.15745 ( 1)
  21 V   0.28022 0.37468 0.12982 0.21528 ( 2)
  22 K   0.21210 0.36025 0.22067 0.20699 ( 2)
  23 I   0.01899 0.61705 0.00942 0.35453 ( 2)
  24 D   0.46753 0.19529 0.22497 0.11221 ( 1)
  25 S   0.30574 0.35155 0.14072 0.20199 ( 2)
  26 A   0.64135 0.04011 0.29550 0.02304 ( 1)
  27 P   0.47843 0.17961 0.23876 0.10320 ( 1)
  28 P   0.63793 0.04355 0.29349 0.02502 ( 1)
  29 L   0.61252 0.06432 0.28620 0.03696 ( 1)
  30 V   0.54774 0.13538 0.23910 0.07778 ( 1)
  31 E   0.29386 0.35525 0.14677 0.20411 ( 2)
  32 A   0.57950 0.09772 0.26663 0.05615 ( 1)
  33 R   0.61318 0.06581 0.28320 0.03781 ( 1)
  34 A   0.23011 0.31798 0.26922 0.18270 ( 2)
  35 A   0.07481 0.52827 0.09339 0.30353 ( 2)
  36 Q   0.45422 0.02778 0.50204 0.01596 ( 3)
  37 W   0.03580 0.60183 0.01658 0.34579 ( 2)
  38 V   0.16934 0.41254 0.18109 0.23703 ( 2)
  39 V   0.58077 0.09605 0.26800 0.05519 ( 1)
  40 I   0.59655 0.07405 0.28686 0.04254 ( 1)
  41 R   0.57013 0.08592 0.29459 0.04936 ( 1)
  42 M   0.45181 0.05190 0.46647 0.02982 ( 3)
  43 L   0.60646 0.06279 0.29468 0.03608 ( 1)
  44 I   0.11862 0.51648 0.06816 0.29675 ( 2)
  45 R   0.46462 0.02995 0.48823 0.01721 ( 3)
  46 T   0.64065 0.04103 0.29474 0.02358 ( 1)
  47 T   0.66770 0.01596 0.30717 0.00917 ( 1)
  48 S   0.46331 0.13187 0.32905 0.07577 ( 1)
  49 P   0.63735 0.04327 0.29452 0.02486 ( 1)
  50 N   0.24762 0.36947 0.17062 0.21229 ( 2)


lnL = -1101.421383

	3

MLEs of dN/dS (w) for site classes (K=4)

site class             0        1       2a       2b
proportion       1.00000  0.00000  0.00000  0.00000
background w     0.60332  1.00000  0.60332  1.00000
foreground w     0.60332  1.00000  1.00000  1.00000

Naive Empirical Bayes (NEB) probabilities for 4 classes
(amino acids refer to 1st sequence: a)

   1 R   1.00000 0.00000 0.00000 0.00000 ( 1)
   2 Q   1.00000 0.00000 0.00000 0.00000 ( 1)
   3 S   1.00000 0.00000 0.00000 0.00000 ( 1)
   4 Q   1.00000 0.00000 0.00000 0.00000 ( 1)
   5 K   1.00000 0.00000 0.00000 0.00000 ( 1)
   6 A   1.00000 0.00000 0.00000 0.00000 ( 1)
   7 G   1.00000 0.00000 0.00000 0.00000 ( 1)
   8 V   1.00000 0.00000 0.00000 0.00000 ( 1)
   9 L   1.00000 0.00000 0.00000 0.00000 ( 1)
  10 L   1.00000 0.00000 0.00000 0.00000 ( 1)
  11 S   1.00000 0.00000 0.00000 0.00000 ( 1)
  12 H   1.00000 0.00000 0.00000 0.00000 ( 1)
  13 R   1.00000 0.00000 0.00000 0.00000 ( 1)
  14 P   1.00000 0.00000 0.00000 0.00000 ( 1)
  15 T   1.00000 0.00000 0.00000 0.00000 ( 1)
  16 K   1.00000 0.00000 0.00000 0.00000 ( 1)
  17 I   1.00000 0.00000 0.00000 0.00000 ( 1)
  18 I   1.00000 0.00000 0.00000 0.00000 ( 1)
  19 A   1.00000 0.00000 0.00000 0.00000 ( 1)
  20 S   1.00000 0.00000 0.00000 0.00000 ( 1)
  21 P   1.00000 0.00000 0.00000 0.00000 ( 1)
  22 S   1.00000 0.00000 0.00000 0.00000 ( 1)
  23 C   1.00000 0.00000 0.00000 0.00000 ( 1)
  24 N   1.00000 0.00000 0.00000 0.00000 ( 1)
  25 A   1.00000 0.00000 0.00000 0.00000 ( 1)
  26 R   1.00000 0.00000 0.00000 0.00000 ( 1)
  27 I   1.00000 0.00000 0.00000 0.00000 ( 1)
  28 H   1.00000 0.00000 0.00000 0.00000 ( 1)
  29 A   1.00000 0.00000 0.00000 0.00000 ( 1)
  30 L   1.00000 0.00000 0.00000 0.00000 ( 1)
  31 L   1.00000 0.00000 0.00000 0.00000 ( 1)
  32 S   1.00000 0.00000 0.00000 0.00000 ( 1)
  33 S   1.00000 0.00000 0.00000 0.00000 ( 1)
  34 C   1.00000 0.00000 0.00000 0.00000 ( 1)
  35 L   1.00000 0.00000 0.00000 0.00000 ( 1)
  36 R   1.00000 0.00000 0.00000 0.00000 ( 1)
  37 P   1.00000 0.00000 0.00000 0.00000 ( 1)
  38 S   1.00000 0.00000 0.00000 0.00000 ( 1)
  39 R   1.00000 0.00000 0.00000 0.00000 ( 1)
  40 H   1.00000 0.00000 0.00000 0.00000 ( 1)
  41 R   1.00000 0.00000 0.00000 0.00000 ( 1)
  42 R   1.00000 0.00000 0.00000 0.00000 ( 1)
  43 I   1.00000 0.00000 0.00000 0.00000 ( 1)
  44 G   1.00000 0.00000 0.00000 0.00000 ( 1)
  45 S   1.00000 0.00000 0.00000 0.00000 ( 1)
  46 P   1.00000 0.00000 0.00000 0.00000 ( 1)
  47 W   1.00000 0.00000 0.00000 0.00000 ( 1)
  48 N   1.00000 0.00000 0.00000 0.00000 ( 1)
  49 R   1.00000 0.00000 0.00000 0.00000 ( 1)
  50 D   1.00000 0.00000 0.00000 0.00000 ( 1)


lnL = -1172.809100

	4

MLEs of dN/dS (w) for site classes (K=4)

site class             0        1       2a       2b
proportion       0.49192  0.50808  0.00000  0.00000
background w     0.38105  1.00000  0.38105  1.00000
foreground w     0.38105  1.00000  1.00000  1.00000

Naive Empirical Bayes (NEB) probabilities for 4 classes
(amino acids refer to 1st sequence: a)

   1 H   0.47296 0.52704 0.00000 0.00000 ( 2)
   2 G   0.13987 0.86013 0.00000 0.00000 ( 2)
   3 Q   0.31015 0.68985 0.00000 0.00000 ( 2)
   4 C   0.72918 0.27082 0.00000 0.00000 ( 1)
   5 Q   0.69521 0.30479 0.00000 0.00000 ( 1)
   6 I   0.82593 0.17407 0.00000 0.00000 ( 1)
   7 S   0.13636 0.86364 0.00000 0.00000 ( 2)
   8 A   0.64264 0.35736 0.00000 0.00000 ( 1)
   9 V   0.90929 0.09071 0.00000 0.00000 ( 1)
  10 R   0.01283 0.98717 0.00000 0.00000 ( 2)
  11 Y   0.76478 0.23522 0.00000 0.00000 ( 1)
  12 S   0.96801 0.03199 0.00000 0.00000 ( 1)
  13 P   0.02426 0.97574 0.00000 0.00000 ( 2)
  14 A   0.03103 0.96897 0.00000 0.00000 ( 2)
  15 G   0.34272 0.65728 0.00000 0.00000 ( 2)
  16 A   0.28323 0.71677 0.00000 0.00000 ( 2)
  17 D   0.95763 0.04237 0.00000 0.00000 ( 1)
  18 S   0.10428 0.89572 0.00000 0.00000 ( 2)
  19 S   0.62276 0.37724 0.00000 0.00000 ( 1)
  20 N   0.85788 0.14212 0.00000 0.00000 ( 1)
  21 H   0.21684 0.78316 0.00000 0.00000 ( 2)
  22 R   0.49160 0.50840 0.00000 0.00000 ( 2)
  23 T   0.91050 0.08950 0.00000 0.00000 ( 1)
  24 S   0.00411 0.99589 0.00000 0.00000 ( 2)
  25 P   0.09927 0.90073 0.00000 0.00000 ( 2)
  26 V   0.96815 0.03185 0.00000 0.00000 ( 1)
  27 I   0.10014 0.89986 0.00000 0.00000 ( 2)
  28 R   0.57026 0.42974 0.00000 0.00000 ( 1)
  29 R   0.11236 0.88764 0.00000 0.00000 ( 2)
  30 V   0.03179 0.96821 0.00000 0.00000 ( 2)
  31 R   0.79809 0.20191 0.00000 0.00000 ( 1)
  32 Y   0.36947 0.63053 0.00000 0.00000 ( 2)
  33 Y   0.77850 0.22150 0.00000 0.00000 ( 1)
  34 R   0.91205 0.08795 0.00000 0.00000 ( 1)
  35 T   0.28327 0.71673 0.00000 0.00000 ( 2)
  36 G   0.90458 0.09542 0.00000 0.00000 ( 1)
  37 T   0.78796 0.21204 0.00000 0.00000 ( 1)
  38 C   0.11021 0.88979 0.00000 0.00000 ( 2)
  39 K   0.31646 0.68354 0.00000 0.00000 ( 2)
  40 S   0.37375 0.62625 0.00000 0.00000 ( 2)
  41 R   0.86100 0.13900 0.00000 0.00000 ( 1)
  42 R   0.34406 0.65594 0.00000 0.00000 ( 2)
  43 L   0.35065 0.64935 0.00000 0.00000 ( 2)
  44 L   0.61262 0.38738 0.00000 0.00000 ( 1)
  45 Q   0.43989 0.56011 0.00000 0.00000 ( 2)
  46 V   0.57214 0.42786 0.00000 0.00000 ( 1)
  47 R   0.04501 0.95499 0.00000 0.00000 ( 2)
  48 H   0.95902 0.04098 0.00000 0.00000 ( 1)
  49 T   0.53039 0.46961 0.00000 0.00000 ( 1)
  50 T   0.91076 0.08924 0.00000 0.00000 ( 1)


lnL = -1147.367884

	5

MLEs of dN/dS (w) for site classes (K=4)

site class             0        1       2a       2b
proportion       0.00000  0.00000  0.86049  0.13951
background w     0.44025  1.00000  0.44025  1.00000
foreground w     0.44025  1.00000  1.00000  1.00000

Naive Empirical Bayes (NEB) probabilities for 4 classes
(amino acids refer to 1st sequence: a)

   1 P   0.00000 0.00000 0.97555 0.02445 ( 3)
   2 L   0.00000 0.00000 0.98109 0.01891 ( 3)
   3 A   0.00000 0.00000 0.96840 0.03160 ( 3)
   4 T   0.00000 0.00000 0.77934 0.22066 ( 3)
   5 S   0.00000 0.00000 0.89666 0.10334 ( 3)
   6 F   0.00000 0.00000 0.94732 0.05268 ( 3)
   7 G   0.00000 0.00000 0.95220 0.04780 ( 3)
   8 R   0.00000 0.00000 0.68670 0.31330 ( 3)
   9 Q   0.00000 0.00000 0.22960 0.77040 ( 4)
  10 S   0.00000 0.00000 0.86406 0.13594 ( 3)
  11 Y   0.00000 0.00000 0.99004 0.00996 ( 3)
  12 I   0.00000 0.00000 0.97801 0.02199 ( 3)
  13 T   0.00000 0.00000 0.98776 0.01224 ( 3)
  14 M   0.00000 0.00000 0.63659 0.36341 ( 3)
  15 E   0.00000 0.00000 0.93082 0.06918 ( 3)
  16 G   0.00000 0.00000 0.97480 0.02520 ( 3)
  17 A   0.00000 0.00000 0.93509 0.06491 ( 3)
  18 I   0.00000 0.00000 0.83332 0.16668 ( 3)
  19 S   0.00000 0.00000 0.98795 0.01205 ( 3)
  20 T   0.00000 0.00000 0.91468 0.08532 ( 3)
  21 F   0.00000 0.00000 0.69454 0.30546 ( 3)
  22 S   0.00000 0.00000 0.99074 0.00926 ( 3)
  23 F   0.00000 0.00000 0.98556 0.01444 ( 3)
  24 E   0.00000 0.00000 0.98378 0.01622 ( 3)
  25 G   0.00000 0.00000 0.70350 0.29650 ( 3)
  26 A   0.00000 0.00000 0.87292 0.12708 ( 3)
  27 R   0.00000 0.00000 0.94454 0.05546 ( 3)
  28 S   0.00000 0.00000 0.63204 0.36796 ( 3)
  29 N   0.00000 0.00000 0.96804 0.03196 ( 3)
  30 R   0.00000 0.00000 0.98356 0.01644 ( 3)
  31 T   0.00000 0.00000 0.94844 0.05156 ( 3)
  32 G   0.00000 0.00000 0.93982 0.06018 ( 3)
  33 V   0.00000 0.00000 0.97000 0.03000 ( 3)
  34 G   0.00000 0.00000 0.90191 0.09809 ( 3)
  35 Q   0.00000 0.00000 0.92333 0.07667 ( 3)
  36 R   0.00000 0.00000 0.89201 0.10799 ( 3)
  37 S   0.00000 0.00000 0.95989 0.04011 ( 3)
  38 G   0.00000 0.00000 0.97622 0.02378 ( 3)
  39 L   0.00000 0.00000 0.55916 0.44084 ( 3)
  40 T   0.00000 0.00000 0.91768 0.08232 ( 3)
  41 L   0.00000 0.00000 0.14290 0.85710 ( 4)
  42 R   0.00000 0.00000 0.92362 0.07638 ( 3)
  43 A   0.00000 0.00000 0.88367 0.11633 ( 3)
  44 C   0.00000 0.00000 0.97742 0.02258 ( 3)
  45 P   0.00000 0.00000 0.97523 0.02477 ( 3)
  46 S   0.00000 0.00000 0.90140 0.09860 ( 3)
  47 I   0.00000 0.00000 0.27337 0.72663 ( 4)
  48 L   0.00000 0.00000 0.97231 0.02769 ( 3)
  49 W   0.00000 0.00000 0.79391 0.20609 ( 3)
  50 T   0.00000 0.00000 0.98302 0.01698 ( 3)


lnL = -1175.623487

	6

MLEs of dN/dS (w) for site classes (K=4)

site class             0        1       2a       2b
proportion       0.00000  0.00000  0.74145  0.25855
background w     0.42269  1.00000  0.42269  1.00000
foreground w     0.42269  1.00000  1.00000  1.00000

Naive Empirical Bayes (NEB) probabilities for 4 classes
(amino acids refer to 1st sequence: a)

   1 A   0.00000 0.00000 0.62428 0.37572 ( 3)
   2 Y   0.00000 0.00000 0.83060 0.16940 ( 3)
   3 S   0.00000 0.00000 0.98500 0.01500 ( 3)
   4 R   0.00000 0.00000 0.70079 0.29921 ( 3)
   5 R   0.00000 0.00000 0.82441 0.17559 ( 3)
   6 I   0.00000 0.00000 0.97008 0.02992 ( 3)
   7 N   0.00000 0.00000 0.96014 0.03986 ( 3)
   8 Y   0.00000 0.00000 0.07139 0.92861 ( 4)
   9 L   0.00000 0.00000 0.47782 0.52218 ( 4)
  10 K   0.00000 0.00000 0.83805 0.16195 ( 3)
  11 A   0.00000 0.00000 0.78230 0.21770 ( 3)
  12 R   0.00000 0.00000 0.74271 0.25729 ( 3)
  13 T   0.00000 0.00000 0.84323 0.15677 ( 3)
  14 T   0.00000 0.00000 0.43251 0.56749 ( 4)
  15 K   0.00000 0.00000 0.05681 0.94319 ( 4)
  16 S   0.00000 0.00000 0.54675 0.45325 ( 3)
  17 D   0.00000 0.00000 0.16923 0.83077 ( 4)
  18 V   0.00000 0.00000 0.62906 0.37094 ( 3)
  19 S   0.00000 0.00000 0.89297 0.10703 ( 3)
  20 S   0.00000 0.00000 0.78154 0.21846 ( 3)
  21 K   0.00000 0.00000 0.86278 0.13722 ( 3)
  22 L   0.00000 0.00000 0.94113 0.05887 ( 3)
  23 L   0.00000 0.00000 0.81448 0.18552 ( 3)
  24 M   0.00000 0.00000 0.97307 0.02693 ( 3)
  25 H   0.00000 0.00000 0.95286 0.04714 ( 3)
  26 G   0.00000 0.00000 0.03964 0.96036 ( 4)
  27 A   0.00000 0.00000 0.76034 0.23966 ( 3)
  28 A   0.00000 0.00000 0.22067 0.77933 ( 4)
  29 V   0.00000 0.00000 0.37013 0.62987 ( 4)
  30 G   0.00000 0.00000 0.98192 0.01808 ( 3)
  31 R   0.00000 0.00000 0.90293 0.09707 ( 3)
  32 Y   0.00000 0.00000 0.69352 0.30648 ( 3)
  33 S   0.00000 0.00000 0.89045 0.10955 ( 3)
  34 I   0.00000 0.00000 0.97825 0.02175 ( 3)
  35 N   0.00000 0.00000 0.93429 0.06571 ( 3)
  36 S   0.00000 0.00000 0.98093 0.01907 ( 3)
  37 T   0.00000 0.00000 0.94992 0.05008 ( 3)
  38 L   0.00000 0.00000 0.93234 0.06766 ( 3)
  39 R   0.00000 0.00000 0.90127 0.09873 ( 3)
  40 I   0.00000 0.00000 0.88640 0.11360 ( 3)
  41 T   0.00000 0.00000 0.94078 0.05922 ( 3)
  42 D   0.00000 0.00000 0.88350 0.11650 ( 3)
  43 G   0.00000 0.00000 0.88272 0.11728 ( 3)
  44 P   0.00000 0.00000 0.56966 0.43034 ( 3)
  45 P   0.00000 0.00000 0.86712 0.13288 ( 3)
  46 Q   0.00000 0.00000 0.88681 0.11319 ( 3)
  47 A   0.00000 0.00000 0.41569 0.58431 ( 4)
  48 F   0.00000 0.00000 0.95572 0.04428 ( 3)
  49 Q   0.00000 0.00000 0.95324 0.04676 ( 3)
  50 E   0.00000 0.00000 0.59034 0.40966 ( 3)


lnL = -1130.024905

	7

MLEs of dN/dS (w) for site classes (K=4)

site class             0        1       2a       2b
proportion       0.70854  0.29146  0.00000  0.00000
background w     0.39130  1.00000  0.39130  1.00000
foreground w     0.39130  1.00000  1.00000  1.00000

Naive Empirical Bayes (NEB) probabilities for 4 classes
(amino acids refer to 1st sequence: a)

   1 R   0.18871 0.81129 0.00000 0.00000 ( 2)
   2 E   0.75033 0.24967 0.00000 0.00000 ( 1)
   3 V   0.69221 0.30779 0.00000 0.00000 ( 1)
   4 L   0.96495 0.03505 0.00000 0.00000 ( 1)
   5 R   0.85002 0.14998 0.00000 0.00000 ( 1)
   6 Q   0.62665 0.37335 0.00000 0.00000 ( 1)
   7 S   0.96851 0.03149 0.00000 0.00000 ( 1)
   8 I   0.17087 0.82913 0.00000 0.00000 ( 2)
   9 V   0.43647 0.56353 0.00000 0.00000 ( 2)
  10 R   0.95391 0.04609 0.00000 0.00000 ( 1)
  11 S   0.89958 0.10042 0.00000 0.00000 ( 1)
  12 A   0.93125 0.06875 0.00000 0.00000 ( 1)
  13 F   0.03061 0.96939 0.00000 0.00000 ( 2)
  14 F   0.75525 0.24475 0.00000 0.00000 ( 1)
  15 D   0.96219 0.03781 0.00000 0.00000 ( 1)
  16 K   0.60748 0.39252 0.00000 0.00000 ( 1)
  17 L   0.77032 0.22968 0.00000 0.00000 ( 1)
  18 R   0.96312 0.03688 0.00000 0.00000 ( 1)
  19 R   0.05638 0.94362 0.00000 0.00000 ( 2)
  20 R   0.84478 0.15522 0.00000 0.00000 ( 1)
  21 G   0.86112 0.13888 0.00000 0.00000 ( 1)
  22 T   0.94896 0.05104 0.00000 0.00000 ( 1)
  23 L   0.20803 0.79197 0.00000 0.00000 ( 2)
  24 S   0.86856 0.13144 0.00000 0.00000 ( 1)
  25 L   0.08350 0.91650 0.00000 0.00000 ( 2)
  26 S   0.59794 0.40206 0.00000 0.00000 ( 1)
  27 V   0.96354 0.03646 0.00000 0.00000 ( 1)
  28 S   0.43393 0.56607 0.00000 0.00000 ( 2)
  29 L   0.77675 0.22325 0.00000 0.00000 ( 1)
  30 Q   0.90207 0.09793 0.00000 0.00000 ( 1)
  31 P   0.92633 0.07367 0.00000 0.00000 ( 1)
  32 V   0.44339 0.55661 0.00000 0.00000 ( 2)
  33 C   0.95437 0.04563 0.00000 0.00000 ( 1)
  34 S   0.85315 0.14685 0.00000 0.00000 ( 1)
  35 T   0.61030 0.38970 0.00000 0.00000 ( 1)
  36 A   0.41640 0.58360 0.00000 0.00000 ( 2)
  37 V   0.96641 0.03359 0.00000 0.00000 ( 1)
  38 R   0.94196 0.05804 0.00000 0.00000 ( 1)
  39 C   0.88837 0.11163 0.00000 0.00000 ( 1)
  40 S   0.87926 0.12074 0.00000 0.00000 ( 1)
  41 D   0.99709 0.00291 0.00000 0.00000 ( 1)
  42 P   0.97960 0.02040 0.00000 0.00000 ( 1)
  43 K   0.59849 0.40151 0.00000 0.00000 ( 1)
  44 R   0.97904 0.02096 0.00000 0.00000 ( 1)
  45 D   0.20951 0.79049 0.00000 0.00000 ( 2)
  46 L   0.99296 0.00704 0.00000 0.00000 ( 1)
  47 R   0.92056 0.07944 0.00000 0.00000 ( 1)
  48 T   0.84844 0.15156 0.00000 0.00000 ( 1)
  49 L   0.02964 0.97036 0.00000 0.00000 ( 2)
  50 K   0.92377 0.07623 0.00000 0.00000 ( 1)


lnL = -1159.682046

	8

MLEs of dN/dS (w) for site classes (K=4)

site class             0        1       2a       2b
proportion       0.00000  0.00000  0.30654  0.69346
background w     0.26774  1.00000  0.26774  1.00000
foreground w     0.26774  1.00000  1.00000  1.00000

Naive Empirical Bayes (NEB) probabilities for 4 classes
(amino acids refer to 1st sequence: a)

   1 I   0.00000 0.00000 0.09483 0.90517 ( 4)
   2 P   0.00000 0.00000 0.93821 0.06179 ( 3)
   3 R   0.00000 0.00000 0.32395 0.67605 ( 4)
   4 F   0.00000 0.00000 0.53050 0.46950 ( 3)
   5 H   0.00000 0.00000 0.19228 0.80772 ( 4)
   6 I   0.00000 0.00000 0.01303 0.98697 ( 4)
   7 I   0.00000 0.00000 0.07066 0.92934 ( 4)
   8 I   0.00000 0.00000 0.21556 0.78444 ( 4)
   9 W   0.00000 0.00000 0.32803 0.67197 ( 4)
  10 Y   0.00000 0.00000 0.20173 0.79827 ( 4)
  11 C   0.00000 0.00000 0.95810 0.04190 ( 3)
  12 V   0.00000 0.00000 0.50787 0.49213 ( 3)
  13 V   0.00000 0.00000 0.04837 0.95163 ( 4)
  14 Q   0.00000 0.00000 0.06456 0.93544 ( 4)
  15 S   0.00000 0.00000 0.00910 0.99090 ( 4)
  16 T   0.00000 0.00000 0.19350 0.80650 ( 4)
  17 S   0.00000 0.00000 0.00025 0.99975 ( 4)
  18 V   0.00000 0.00000 0.01673 0.98327 ( 4)
  19 G   0.00000 0.00000 0.05998 0.94002 ( 4)
  20 M   0.00000 0.00000 0.01045 0.98955 ( 4)
  21 D   0.00000 0.00000 0.28682 0.71318 ( 4)
  22 R   0.00000 0.00000 0.81976 0.18024 ( 3)
  23 N   0.00000 0.00000 0.07870 0.92130 ( 4)
  24 K   0.00000 0.00000 0.12761 0.87239 ( 4)
  25 R   0.00000 0.00000 0.00322 0.99678 ( 4)
  26 L   0.00000 0.00000 0.00218 0.99782 ( 4)
  27 S   0.00000 0.00000 0.02048 0.97952 ( 4)
  28 Q   0.00000 0.00000 0.02442 0.97558 ( 4)
  29 E   0.00000 0.00000 0.01284 0.98716 ( 4)
  30 N   0.00000 0.00000 0.02020 0.97980 ( 4)
  31 A   0.00000 0.00000 0.15905 0.84095 ( 4)
  32 R   0.00000 0.00000 0.90787 0.09213 ( 3)
  33 T   0.00000 0.00000 0.75652 0.24348 ( 3)
  34 L   0.00000 0.00000 0.62071 0.37929 ( 3)
  35 N   0.00000 0.00000 0.97366 0.02634 ( 3)
  36 K   0.00000 0.00000 0.04177 0.95823 ( 4)
  37 P   0.00000 0.00000 0.02165 0.97835 ( 4)
  38 F   0.00000 0.00000 0.05561 0.94439 ( 4)
  39 G   0.00000 0.00000 0.45338 0.54662 ( 4)
  40 G   0.00000 0.00000 0.01461 0.98539 ( 4)
  41 K   0.00000 0.00000 0.37945 0.62055 ( 4)
  42 L   0.00000 0.00000 0.78154 0.21846 ( 3)
  43 S   0.00000 0.00000 0.49849 0.50151 ( 4)
  44 L   0.00000 0.00000 0.45902 0.54098 ( 4)
  45 I   0.00000 0.00000 0.01066 0.98934 ( 4)
  46 Y   0.00000 0.00000 0.64273 0.35727 ( 3)
  47 S   0.00000 0.00000 0.82338 0.17662 ( 3)
  48 D   0.00000 0.00000 0.21530 0.78470 ( 4)
  49 R   0.00000 0.00000 0.88739 0.11261 ( 3)
  50 L   0.00000 0.00000 0.45044 0.54956 ( 4)


lnL = -1146.265640

	9

MLEs of dN/dS (w) for site classes (K=4)

site class             0        1       2a       2b
proportion       0.33896  0.66104  0.00000  0.00000
background w     0.24908  1.00000  0.24908  1.00000
foreground w     0.24908  1.00000  1.00000  1.00000

Naive Empirical Bayes (NEB) probabilities for 4 classes
(amino acids refer to 1st sequence: a)

   1 A   0.50127 0.49873 0.00000 0.00000 ( 1)
   2 R   0.01321 0.98679 0.00000 0.00000 ( 2)
   3 N   0.93233 0.06767 0.00000 0.00000 ( 1)
   4 T   0.01819 0.98181 0.00000 0.00000 ( 2)
   5 A   0.08729 0.91271 0.00000 0.00000 ( 2)
   6 Y   0.95754 0.04246 0.00000 0.00000 ( 1)
   7 S   0.71192 0.28808 0.00000 0.00000 ( 1)
   8 K   0.29592 0.70408 0.00000 0.00000 ( 2)
   9 T   0.16749 0.83251 0.00000 0.00000 ( 2)
  10 R   0.06844 0.93156 0.00000 0.00000 ( 2)
  11 Y   0.02003 0.97997 0.00000 0.00000 ( 2)
  12 K   0.88750 0.11250 0.00000 0.00000 ( 1)
  13 S   0.01208 0.98792 0.00000 0.00000 ( 2)
  14 D   0.61860 0.38140 0.00000 0.00000 ( 1)
  15 F   0.01229 0.98771 0.00000 0.00000 ( 2)
  16 L   0.00851 0.99149 0.00000 0.00000 ( 2)
  17 G   0.53758 0.46242 0.00000 0.00000 ( 1)
  18 R   0.02529 0.97471 0.00000 0.00000 ( 2)
  19 Q   0.00071 0.99929 0.00000 0.00000 ( 2)
  20 Q   0.00147 0.99853 0.00000 0.00000 ( 2)
  21 T   0.10503 0.89497 0.00000 0.00000 ( 2)
  22 S   0.08888 0.91112 0.00000 0.00000 ( 2)
  23 G   0.19387 0.80613 0.00000 0.00000 ( 2)
  24 R   0.17078 0.82922 0.00000 0.00000 ( 2)
  25 N   0.00852 0.99148 0.00000 0.00000 ( 2)
  26 L   0.15065 0.84935 0.00000 0.00000 ( 2)
  27 G   0.05387 0.94613 0.00000 0.00000 ( 2)
  28 M   0.00231 0.99769 0.00000 0.00000 ( 2)
  29 Y   0.07597 0.92403 0.00000 0.00000 ( 2)
  30 R   0.46975 0.53025 0.00000 0.00000 ( 2)
  31 T   0.16192 0.83808 0.00000 0.00000 ( 2)
  32 R   0.95345 0.04655 0.00000 0.00000 ( 1)
  33 T   0.95708 0.04292 0.00000 0.00000 ( 1)
  34 M   0.00019 0.99981 0.00000 0.00000 ( 2)
  35 L   0.25606 0.74394 0.00000 0.00000 ( 2)
  36 W   0.04359 0.95641 0.00000 0.00000 ( 2)
  37 K   0.64754 0.35246 0.00000 0.00000 ( 1)
  38 T   0.50963 0.49037 0.00000 0.00000 ( 1)
  39 R   0.82187 0.17813 0.00000 0.00000 ( 1)
  40 S   0.95483 0.04517 0.00000 0.00000 ( 1)
  41 V   0.80909 0.19091 0.00000 0.00000 ( 1)
  42 S   0.49147 0.50853 0.00000 0.00000 ( 2)
  43 L   0.02468 0.97532 0.00000 0.00000 ( 2)
  44 A   0.01207 0.98793 0.00000 0.00000 ( 2)
  45 L   0.90981 0.09019 0.00000 0.00000 ( 1)
  46 I   0.59033 0.40967 0.00000 0.00000 ( 1)
  47 F   0.06518 0.93482 0.00000 0.00000 ( 2)
  48 G   0.04104 0.95896 0.00000 0.00000 ( 2)
  49 M   0.58631 0.41369 0.00000 0.00000 ( 1)
  50 L   0.91451 0.08549 0.00000 0.00000 ( 1)


lnL = -1122.161177

	10

MLEs of dN/dS (w) for site classes (K=4)

site class             0        1       2a       2b
proportion       1.00000  0.00000  0.00000  0.00000
background w     0.65927  1.00000  0.65927  1.00000
foreground w     0.65927  1.00000  1.00000  1.00000

Naive Empirical Bayes (NEB) probabilities for 4 classes
(amino acids refer to 1st sequence: a)

   1 D   1.00000 0.00000 0.00000 0.00000 ( 1)
   2 G   1.00000 0.00000 0.00000 0.00000 ( 1)
   3 V   1.00000 0.00000 0.00000 0.00000 ( 1)
   4 S   1.00000 0.00000 0.00000 0.00000 ( 1)
   5 S   1.00000 0.00000 0.00000 0.00000 ( 1)
   6 V   1.00000 0.00000 0.00000 0.00000 ( 1)
   7 S   1.00000 0.00000 0.00000 0.00000 ( 1)
   8 L   1.00000 0.00000 0.00000 0.00000 ( 1)
   9 G   1.00000 0.00000 0.00000 0.00000 ( 1)
  10 R   1.00000 0.00000 0.00000 0.00000 ( 1)
  11 Q   1.00000 0.00000 0.00000 0.00000 ( 1)
  12 I   1.00000 0.00000 0.00000 0.00000 ( 1)
  13 R   1.00000 0.00000 0.00000 0.00000 ( 1)
  14 Y   1.00000 0.00000 0.00000 0.00000 ( 1)
  15 Y   1.00000 0.00000 0.00000 0.00000 ( 1)
  16 E   1.00000 0.00000 0.00000 0.00000 ( 1)
  17 P   1.00000 0.00000 0.00000 0.00000 ( 1)
  18 Y   1.00000 0.00000 0.00000 0.00000 ( 1)
  19 S   1.00000 0.00000 0.00000 0.00000 ( 1)
  20 F   1.00000 0.00000 0.00000 0.00000 ( 1)
  21 A   1.00000 0.00000 0.00000 0.00000 ( 1)
  22 L   1.00000 0.00000 0.00000 0.00000 ( 1)
  23 T   1.00000 0.00000 0.00000 0.00000 ( 1)
  24 A   1.00000 0.00000 0.00000 0.00000 ( 1)
  25 E   1.00000 0.00000 0.00000 0.00000 ( 1)
  26 D   1.00000 0.00000 0.00000 0.00000 ( 1)
  27 A   1.00000 0.00000 0.00000 0.00000 ( 1)
  28 C   1.00000 0.00000 0.00000 0.00000 ( 1)
  29 E   1.00000 0.00000 0.00000 0.00000 ( 1)
  30 P   1.00000 0.00000 0.00000 0.00000 ( 1)
  31 A   1.00000 0.00000 0.00000 0.00000 ( 1)
  32 C   1.00000 0.00000 0.00000 0.00000 ( 1)
  33 H   1.00000 0.00000 0.00000 0.00000 ( 1)
  34 V   1.00000 0.00000 0.00000 0.00000 ( 1)
  35 S   1.00000 0.00000 0.00000 0.00000 ( 1)
  36 E   1.00000 0.00000 0.00000 0.00000 ( 1)
  37 P   1.00000 0.00000 0.00000 0.00000 ( 1)
  38 S   1.00000 0.00000 0.00000 0.00000 ( 1)
  39 L   1.00000 0.00000 0.00000 0.00000 ( 1)
  40 R   1.00000 0.00000 0.00000 0.00000 ( 1)
  41 L   1.00000 0.00000 0.00000 0.00000 ( 1)
  42 A   1.00000 0.00000 0.00000 0.00000 ( 1)
  43 L   1.00000 0.00000 0.00000 0.00000 ( 1)
  44 N   1.00000 0.00000 0.00000 0.00000 ( 1)
  45 S   1.00000 0.00000 0.00000 0.00000 ( 1)
  46 G   1.00000 0.00000 0.00000 0.00000 ( 1)
  47 G   1.00000 0.00000 0.00000 0.00000 ( 1)
  48 H   1.00000 0.00000 0.00000 0.00000 ( 1)
  49 G   1.00000 0.00000 0.00000 0.00000 ( 1)
  50 D   1.00000 0.00000 0.00000 0.00000 ( 1)


lnL = -1122.338170

	11

MLEs of dN/dS (w) for site classes (K=4)

site class             0        1       2a       2b
proportion       0.32890  0.67110  0.00000  0.00000
background w     0.23562  1.00000  0.23562  1.00000
foreground w     0.23562  1.00000  1.00000  1.00000

Naive Empirical Bayes (NEB) probabilities for 4 classes
(amino acids refer to 1st sequence: a)

   1 Y   0.96060 0.03940 0.00000 0.00000 ( 1)
   2 V   0.75881 0.24119 0.00000 0.00000 ( 1)
   3 L   0.00652 0.99348 0.00000 0.00000 ( 2)
   4 S   0.19582 0.80418 0.00000 0.00000 ( 2)
   5 V   0.10219 0.89781 0.00000 0.00000 ( 2)
   6 T   0.00150 0.99850 0.00000 0.00000 ( 2)
   7 E   0.22027 0.77973 0.00000 0.00000 ( 2)
   8 Q   0.81419 0.18581 0.00000 0.00000 ( 1)
   9 G   0.48379 0.51621 0.00000 0.00000 ( 2)
  10 V   0.01162 0.98838 0.00000 0.00000 ( 2)
  11 F   0.98340 0.01660 0.00000 0.00000 ( 1)
  12 V   0.82805 0.17195 0.00000 0.00000 ( 1)
  13 P   0.06042 0.93958 0.00000 0.00000 ( 2)
  14 K   0.92478 0.07522 0.00000 0.00000 ( 1)
  15 H   0.00134 0.99866 0.00000 0.00000 ( 2)
  16 A   0.59030 0.40970 0.00000 0.00000 ( 1)
  17 I   0.25644 0.74356 0.00000 0.00000 ( 2)
  18 I   0.00179 0.99821 0.00000 0.00000 ( 2)
  19 E   0.00070 0.99930 0.00000 0.00000 ( 2)
  20 K   0.56581 0.43419 0.00000 0.00000 ( 1)
  21 T   0.00892 0.99108 0.00000 0.00000 ( 2)
  22 T   0.50190 0.49810 0.00000 0.00000 ( 1)
  23 S   0.02062 0.97938 0.00000 0.00000 ( 2)
  24 L   0.92147 0.07853 0.00000 0.00000 ( 1)
  25 L   0.27387 0.72613 0.00000 0.00000 ( 2)
  26 R   0.11127 0.88873 0.00000 0.00000 ( 2)
  27 H   0.98352 0.01648 0.00000 0.00000 ( 1)
  28 V   0.22539 0.77461 0.00000 0.00000 ( 2)
  29 V   0.01191 0.98809 0.00000 0.00000 ( 2)
  30 L   0.03936 0.96064 0.00000 0.00000 ( 2)
  31 S   0.93678 0.06322 0.00000 0.00000 ( 1)
  32 R   0.48275 0.51725 0.00000 0.00000 ( 2)
  33 S   0.09653 0.90347 0.00000 0.00000 ( 2)
  34 R   0.67883 0.32117 0.00000 0.00000 ( 1)
  35 G   0.06184 0.93816 0.00000 0.00000 ( 2)
  36 E   0.19662 0.80338 0.00000 0.00000 ( 2)
  37 E   0.87389 0.12611 0.00000 0.00000 ( 1)
  38 G   0.00088 0.99912 0.00000 0.00000 ( 2)
  39 S   0.08573 0.91427 0.00000 0.00000 ( 2)
  40 F   0.18412 0.81588 0.00000 0.00000 ( 2)
  41 R   0.06732 0.93268 0.00000 0.00000 ( 2)
  42 I   0.22394 0.77606 0.00000 0.00000 ( 2)
  43 S   0.01428 0.98572 0.00000 0.00000 ( 2)
  44 A   0.82519 0.17481 0.00000 0.00000 ( 1)
  45 W   0.00019 0.99981 0.00000 0.00000 ( 2)
  46 D   0.82809 0.17191 0.00000 0.00000 ( 1)
  47 S   0.00740 0.99260 0.00000 0.00000 ( 2)
  48 T   0.01094 0.98906 0.00000 0.00000 ( 2)
  49 Y   0.00064 0.99936 0.00000 0.00000 ( 2)
  50 S   0.00274 0.99726 0.00000 0.00000 ( 2)


lnL = -1107.609130

	12

MLEs of dN/dS (w) for site classes (K=4)

site class             0        1       2a       2b
proportion       0.16997  0.83003  0.00000  0.00000
background w     0.41410  1.00000  0.41410  1.00000
foreground w     0.41410  1.00000  1.00000  1.00000

Naive Empirical Bayes (NEB) probabilities for 4 classes
(amino acids refer to 1st sequence: a)

   1 F   0.64219 0.35781 0.00000 0.00000 ( 1)
   2 L   0.00421 0.99579 0.00000 0.00000 ( 2)
   3 G   0.17540 0.82460 0.00000 0.00000 ( 2)
   4 T   0.02019 0.97981 0.00000 0.00000 ( 2)
   5 I   0.07583 0.92417 0.00000 0.00000 ( 2)
   6 Q   0.20201 0.79799 0.00000 0.00000 ( 2)
   7 W   0.23435 0.76565 0.00000 0.00000 ( 2)
   8 I   0.02827 0.97173 0.00000 0.00000 ( 2)
   9 K   0.01576 0.98424 0.00000 0.00000 ( 2)
  10 N   0.03934 0.96066 0.00000 0.00000 ( 2)
  11 I   0.23015 0.76985 0.00000 0.00000 ( 2)
  12 L   0.07027 0.92973 0.00000 0.00000 ( 2)
  13 G   0.08246 0.91754 0.00000 0.00000 ( 2)
  14 S   0.06061 0.93939 0.00000 0.00000 ( 2)
  15 L   0.42704 0.57296 0.00000 0.00000 ( 2)
  16 L   0.41499 0.58501 0.00000 0.00000 ( 2)
  17 F   0.15744 0.84256 0.00000 0.00000 ( 2)
  18 E   0.03403 0.96597 0.00000 0.00000 ( 2)
  19 L   0.00920 0.99080 0.00000 0.00000 ( 2)
  20 P   0.05909 0.94091 0.00000 0.00000 ( 2)
  21 S   0.04383 0.95617 0.00000 0.00000 ( 2)
  22 G   0.55762 0.44238 0.00000 0.00000 ( 1)
  23 K   0.59007 0.40993 0.00000 0.00000 ( 1)
  24 T   0.12555 0.87445 0.00000 0.00000 ( 2)
  25 Y   0.78169 0.21831 0.00000 0.00000 ( 1)
  26 R   0.02415 0.97585 0.00000 0.00000 ( 2)
  27 S   0.01933 0.98067 0.00000 0.00000 ( 2)
  28 T   0.06415 0.93585 0.00000 0.00000 ( 2)
  29 M   0.00596 0.99404 0.00000 0.00000 ( 2)
  30 R   0.01525 0.98475 0.00000 0.00000 ( 2)
  31 H   0.04532 0.95468 0.00000 0.00000 ( 2)
  32 R   0.31072 0.68928 0.00000 0.00000 ( 2)
  33 P   0.08108 0.91892 0.00000 0.00000 ( 2)
  34 A   0.35086 0.64914 0.00000 0.00000 ( 2)
  35 P   0.00818 0.99182 0.00000 0.00000 ( 2)
  36 Q   0.14963 0.85037 0.00000 0.00000 ( 2)
  37 G   0.06598 0.93402 0.00000 0.00000 ( 2)
  38 P   0.20555 0.79445 0.00000 0.00000 ( 2)
  39 T   0.14815 0.85185 0.00000 0.00000 ( 2)
  40 R   0.00206 0.99794 0.00000 0.00000 ( 2)
  41 Y   0.03281 0.96719 0.00000 0.00000 ( 2)
  42 E   0.09654 0.90346 0.00000 0.00000 ( 2)
  43 V   0.30465 0.69535 0.00000 0.00000 ( 2)
  44 A   0.08132 0.91868 0.00000 0.00000 ( 2)
  45 F   0.00931 0.99069 0.00000 0.00000 ( 2)
  46 I   0.45170 0.54830 0.00000 0.00000 ( 2)
  47 R   0.35762 0.64238 0.00000 0.00000 ( 2)
  48 H   0.04410 0.95590 0.00000 0.00000 ( 2)
  49 L   0.19530 0.80470 0.00000 0.00000 ( 2)
  50 R   0.34745 0.65255 0.00000 0.00000 ( 2)


lnL = -1157.323444

	13

MLEs of dN/dS (w) for site classes (K=4)

site class             0        1       2a       2b
proportion       1.00000  0.00000  0.00000  0.00000
background w     0.72386  1.00000  0.72386  1.00000
foreground w     0.72386  1.00000  1.00000  1.00000

Naive Empirical Bayes (NEB) probabilities for 4 classes
(amino acids refer to 1st sequence: a)

   1 L   1.00000 0.00000 0.00000 0.00000 ( 1)
   2 H   1.00000 0.00000 0.00000 0.00000 ( 1)
   3 S   1.00000 0.00000 0.00000 0.00000 ( 1)
   4 K   1.00000 0.00000 0.00000 0.00000 ( 1)
   5 C   1.00000 0.00000 0.00000 0.00000 ( 1)
   6 N   1.00000 0.00000 0.00000 0.00000 ( 1)
   7 H   1.00000 0.00000 0.00000 0.00000 ( 1)
   8 G   1.00000 0.00000 0.00000 0.00000 ( 1)
   9 S   1.00000 0.00000 0.00000 0.00000 ( 1)
  10 Y   1.00000 0.00000 0.00000 0.00000 ( 1)
  11 R   1.00000 0.00000 0.00000 0.00000 ( 1)
  12 S   1.00000 0.00000 0.00000 0.00000 ( 1)
  13 G   1.00000 0.00000 0.00000 0.00000 ( 1)
  14 E   1.00000 0.00000 0.00000 0.00000 ( 1)
  15 F   1.00000 0.00000 0.00000 0.00000 ( 1)
  16 S   1.00000 0.00000 0.00000 0.00000 ( 1)
  17 P   1.00000 0.00000 0.00000 0.00000 ( 1)
  18 Q   1.00000 0.00000 0.00000 0.00000 ( 1)
  19 L   1.00000 0.00000 0.00000 0.00000 ( 1)
  20 Q   1.00000 0.00000 0.00000 0.00000 ( 1)
  21 I   1.00000 0.00000 0.00000 0.00000 ( 1)
  22 W   1.00000 0.00000 0.00000 0.00000 ( 1)
  23 S   1.00000 0.00000 0.00000 0.00000 ( 1)
  24 D   1.00000 0.00000 0.00000 0.00000 ( 1)
  25 R   1.00000 0.00000 0.00000 0.00000 ( 1)
  26 T   1.00000 0.00000 0.00000 0.00000 ( 1)
  27 Y   1.00000 0.00000 0.00000 0.00000 ( 1)
  28 Q   1.00000 0.00000 0.00000 0.00000 ( 1)
  29 T   1.00000 0.00000 0.00000 0.00000 ( 1)
  30 I   1.00000 0.00000 0.00000 0.00000 ( 1)
  31 S   1.00000 0.00000 0.00000 0.00000 ( 1)
  32 N   1.00000 0.00000 0.00000 0.00000 ( 1)
  33 R   1.00000 0.00000 0.00000 0.00000 ( 1)
  34 V   1.00000 0.00000 0.00000 0.00000 ( 1)
  35 N   1.00000 0.00000 0.00000 0.00000 ( 1)
  36 P   1.00000 0.00000 0.00000 0.00000 ( 1)
  37 V   1.00000 0.00000 0.00000 0.00000 ( 1)
  38 A   1.00000 0.00000 0.00000 0.00000 ( 1)
  39 A   1.00000 0.00000 0.00000 0.00000 ( 1)
  40 A   1.00000 0.00000 0.00000 0.00000 ( 1)
  41 W   1.00000 0.00000 0.00000 0.00000 ( 1)
  42 R   1.00000 0.00000 0.00000 0.00000 ( 1)
  43 V   1.00000 0.00000 0.00000 0.00000 ( 1)
  44 E   1.00000 0.00000 0.00000 0.00000 ( 1)
  45 G   1.00000 0.00000 0.00000 0.00000 ( 1)
  46 Y   1.00000 0.00000 0.00000 0.00000 ( 1)
  47 P   1.00000 0.00000 0.00000 0.00000 ( 1)
  48 R   1.00000 0.00000 0.00000 0.00000 ( 1)
  49 F   1.00000 0.00000 0.00000 0.00000 ( 1)
  50 S   1.00000 0.00000 0.00000 0.00000 ( 1)


lnL = -1127.137287

	14

MLEs of dN/dS (w) for site classes (K=4)

site class             0        1       2a       2b
proportion       0.30431  0.13550  0.38760  0.17259
background w     0.41536  1.00000  0.41536  1.00000
foreground w     0.41536  1.00000  1.00000  1.00000

Naive Empirical Bayes (NEB) probabilities for 4 classes
(amino acids refer to 1st sequence: a)

   1 P   0.39936 0.08840 0.39966 0.11259 ( 3)
   2 S   0.03843 0.40484 0.04110 0.51563 ( 4)
   3 S   0.46408 0.02081 0.48860 0.02650 ( 3)
   4 V   0.27481 0.03801 0.63876 0.04842 ( 3)
   5 M   0.05109 0.39030 0.06148 0.49712 ( 4)
   6 I   0.21081 0.17660 0.38766 0.22493 ( 3)
   7 D   0.48964 0.00914 0.48958 0.01164 ( 1)
   8 S   0.42242 0.05845 0.44468 0.07445 ( 3)
   9 R   0.25424 0.20999 0.26831 0.26745 ( 3)
  10 V   0.33768 0.13497 0.35544 0.17191 ( 3)
  11 T   0.46298 0.02191 0.48721 0.02791 ( 3)
  12 Y   0.28846 0.17518 0.31324 0.22312 ( 3)
  13 T   0.29861 0.15488 0.34923 0.19727 ( 3)
  14 A   0.42747 0.04687 0.46597 0.05969 ( 3)
  15 S   0.20919 0.10093 0.56133 0.12855 ( 3)
  16 T   0.18871 0.15610 0.45637 0.19882 ( 3)
  17 S   0.28417 0.17685 0.31373 0.22525 ( 3)
  18 S   0.04471 0.39753 0.05143 0.50633 ( 4)
  19 L   0.42880 0.04319 0.47299 0.05501 ( 3)
  20 H   0.38441 0.08690 0.41802 0.11068 ( 3)
  21 I   0.16036 0.29742 0.16341 0.37881 ( 4)
  22 M   0.03995 0.39983 0.05097 0.50925 ( 4)
  23 L   0.46034 0.01427 0.50721 0.01818 ( 3)
  24 P   0.27788 0.01236 0.69401 0.01575 ( 3)
  25 A   0.24214 0.21807 0.26204 0.27775 ( 4)
  26 S   0.08951 0.31007 0.20551 0.39492 ( 4)
  27 T   0.19891 0.25905 0.21211 0.32994 ( 4)
  28 P   0.45082 0.02745 0.48678 0.03496 ( 3)
  29 G   0.42394 0.05671 0.44711 0.07223 ( 3)
  30 T   0.18002 0.27711 0.18992 0.35295 ( 4)
  31 R   0.30273 0.07534 0.52597 0.09596 ( 3)
  32 V   0.42875 0.04615 0.46633 0.05877 ( 3)
  33 G   0.43142 0.05986 0.43248 0.07624 ( 3)
  34 E   0.13365 0.07675 0.69185 0.09775 ( 3)
  35 P   0.09483 0.34994 0.10952 0.44571 ( 4)
  36 R   0.28150 0.01282 0.68935 0.01632 ( 3)
  37 H   0.32718 0.14553 0.34194 0.18535 ( 3)
  38 R   0.45173 0.01699 0.50964 0.02164 ( 3)
  39 F   0.38002 0.09118 0.41267 0.11613 ( 3)
  40 I   0.43423 0.05150 0.44868 0.06559 ( 3)
  41 T   0.37413 0.08418 0.43447 0.10722 ( 3)
  42 N   0.48921 0.00891 0.49052 0.01135 ( 3)
  43 H   0.47164 0.02440 0.47287 0.03108 ( 3)
  44 G   0.22580 0.08776 0.57467 0.11177 ( 3)
  45 P   0.42730 0.05349 0.45108 0.06813 ( 3)
  46 I   0.30013 0.17206 0.30866 0.21915 ( 3)
  47 Y   0.47908 0.00747 0.50393 0.00952 ( 3)
  48 R   0.32173 0.14093 0.35783 0.17950 ( 3)
  49 S   0.02386 0.38869 0.09239 0.49506 ( 4)
  50 W   0.35288 0.11700 0.38109 0.14903 ( 3)


lnL = -1120.875457

	15

MLEs of dN/dS (w) for site classes (K=4)

site class             0        1       2a       2b
proportion       0.20042  0.79958  0.00000  0.00000
background w     0.25401  1.00000  0.25401  1.00000
foreground w     0.25401  1.00000  1.00000  1.00000

Naive Empirical Bayes (NEB) probabilities for 4 classes
(amino acids refer to 1st sequence: a)

   1 Y   0.00111 0.99889 0.00000 0.00000 ( 2)
   2 E   0.00063 0.99937 0.00000 0.00000 ( 2)
   3 V   0.00707 0.99293 0.00000 0.00000 ( 2)
   4 M   0.00008 0.99992 0.00000 0.00000 ( 2)
   5 Y   0.00049 0.99951 0.00000 0.00000 ( 2)
   6 H   0.00182 0.99818 0.00000 0.00000 ( 2)
   7 I   0.00790 0.99210 0.00000 0.00000 ( 2)
   8 F   0.15163 0.84837 0.00000 0.00000 ( 2)
   9 R   0.11169 0.88831 0.00000 0.00000 ( 2)
  10 S   0.07889 0.92111 0.00000 0.00000 ( 2)
  11 I   0.17893 0.82107 0.00000 0.00000 ( 2)
  12 A   0.73969 0.26031 0.00000 0.00000 ( 1)
  13 G   0.00858 0.99142 0.00000 0.00000 ( 2)
  14 C   0.00221 0.99779 0.00000 0.00000 ( 2)
  15 Y   0.73644 0.26356 0.00000 0.00000 ( 1)
  16 M   0.22878 0.77122 0.00000 0.00000 ( 2)
  17 A   0.02767 0.97233 0.00000 0.00000 ( 2)
  18 T   0.02349 0.97651 0.00000 0.00000 ( 2)
  19 T   0.92651 0.07349 0.00000 0.00000 ( 1)
  20 D   0.05546 0.94454 0.00000 0.00000 ( 2)
  21 R   0.00618 0.99382 0.00000 0.00000 ( 2)
  22 A   0.00052 0.99948 0.00000 0.00000 ( 2)
  23 S   0.73295 0.26705 0.00000 0.00000 ( 1)
  24 H   0.00282 0.99718 0.00000 0.00000 ( 2)
  25 L   0.04931 0.95069 0.00000 0.00000 ( 2)
  26 D   0.03360 0.96640 0.00000 0.00000 ( 2)
  27 R   0.74893 0.25107 0.00000 0.00000 ( 1)
  28 Q   0.10434 0.89566 0.00000 0.00000 ( 2)
  29 R   0.51523 0.48477 0.00000 0.00000 ( 1)
  30 R   0.45756 0.54244 0.00000 0.00000 ( 2)
  31 C   0.77699 0.22301 0.00000 0.00000 ( 1)
  32 L   0.81664 0.18336 0.00000 0.00000 ( 1)
  33 S   0.71689 0.28311 0.00000 0.00000 ( 1)
  34 N   0.04081 0.95919 0.00000 0.00000 ( 2)
  35 S   0.07776 0.92224 0.00000 0.00000 ( 2)
  36 Y   0.00460 0.99540 0.00000 0.00000 ( 2)
  37 A   0.03326 0.96674 0.00000 0.00000 ( 2)
  38 P   0.00031 0.99969 0.00000 0.00000 ( 2)
  39 D   0.00267 0.99733 0.00000 0.00000 ( 2)
  40 K   0.04551 0.95449 0.00000 0.00000 ( 2)
  41 N   0.01281 0.98719 0.00000 0.00000 ( 2)
  42 N   0.00284 0.99716 0.00000 0.00000 ( 2)
  43 A   0.34654 0.65346 0.00000 0.00000 ( 2)
  44 I   0.79032 0.20968 0.00000 0.00000 ( 1)
  45 E   0.00135 0.99865 0.00000 0.00000 ( 2)
  46 N   0.24678 0.75322 0.00000 0.00000 ( 2)
